salt.planetlab.cs.umd.edu:82.0930004119873
planetlab3.rutgers.edu:80.32679557800293
planetlab-5.eecs.cwru.edu:189.82791900634766
planetlab1.temple.edu:203.66311073303223
node1.planetlab.albany.edu:204.2531967163086
node1.planetlab.mathcs.emory.edu:130.2790641784668
node2.planetlab.mathcs.emory.edu:173.89607429504395
planetlab-01.bu.edu:204.2710781097412
planetlab2.citadel.edu:114.45188522338867
planetlab-02.bu.edu:169.99101638793945
planetlab3.wail.wisc.edu:288.9368534088135
planetlab5.eecs.umich.edu:None
planetlab2.dtc.umn.edu:56.84995651245117
planetlab1.dtc.umn.edu:49.62515830993652
plink.cs.uwaterloo.ca:127.35486030578613
planetlab2.cs.unc.edu:143.72706413269043
pl1.rcc.uottawa.ca:143.7208652496338
planetlab04.cs.washington.edu:None
planetlab02.cs.washington.edu:118.89505386352539
planetlab01.cs.washington.edu:116.6231632232666
planetlab3.cs.uoregon.edu:85.37983894348145
planetlab1.cs.uoregon.edu:86.96699142456055
planetlab1.cs.ubc.ca:18.42212677001953
planetlab2.cs.ubc.ca:20.200252532958984
